<?xml version="1.0" encoding="UTF-8" standalone="no"?>
<!DOCTYPE svg PUBLIC "-//W3C//DTD SVG 20010904//EN"
              "http://www.w3.org/TR/2001/REC-SVG-20010904/DTD/svg10.dtd">

<svg xmlns="http://www.w3.org/2000/svg"
     width="1.70667in" height="1.28in"
     viewBox="0 0 512 384">
  <path id="Unnamed #1"
        fill="none" stroke="black" stroke-width="1"
        d="M 248.09,113.55
           C 249.04,111.78 252.65,106.13 253.00,104.55
             253.57,103.30 257.44,98.92 258.18,98.73
             263.73,95.18 267.45,97.36 266.00,104.25
             265.50,108.00 257.82,124.39 253.50,129.38
             253.11,129.38 252.13,142.42 254.25,142.38
             260.62,146.75 264.62,155.50 270.00,160.62
             274.25,156.50 294.12,148.50 306.62,145.88
             315.00,144.00 317.12,154.25 312.00,155.06
             303.48,156.64 292.69,161.81 290.00,163.69
             285.88,165.94 281.12,174.00 293.50,178.75
             298.75,181.50 305.88,184.12 314.38,183.25
             326.50,182.75 326.75,180.50 332.88,186.00
             337.12,187.88 357.65,188.00 358.62,186.88
             363.38,186.12 363.03,189.94 360.38,190.50
             356.12,193.62 341.12,191.62 343.82,193.45
             346.27,195.73 357.91,203.82 365.91,203.91
             372.32,204.46 367.56,210.08 365.55,209.91
             360.36,212.18 336.64,207.18 325.00,207.57
             317.00,207.22 313.00,212.26 314.27,217.73
             314.04,221.39 332.55,233.18 337.36,234.91
             341.09,236.36 362.51,249.06 366.00,253.18
             369.00,255.73 372.18,261.64 366.91,263.45
             362.27,264.64 345.13,263.29 341.73,260.73
             342.06,260.46 325.59,248.57 323.18,250.55
             322.18,256.09 333.39,268.38 335.26,270.30
             336.33,271.35 336.13,275.22 335.98,277.38
             336.50,280.61 339.70,286.12 342.22,289.65
             344.70,293.99 346.12,295.94 346.12,295.94
             352.22,304.57 359.91,313.70 359.12,322.75
             357.00,329.75 341.50,332.62 335.38,330.00
             328.50,327.06 318.00,314.00 315.00,307.00
             310.75,293.12 296.50,275.50 285.75,270.00
             285.89,269.67 279.38,264.12 275.75,265.38
             273.78,266.92 273.92,292.26 274.25,292.00
             274.88,296.50 270.75,298.12 267.25,292.38
             259.75,282.88 253.25,269.50 252.62,264.12
             245.00,265.00 233.38,265.00 226.25,264.12
             220.88,278.25 223.88,291.12 208.88,299.12
             198.75,306.62 203.00,312.12 191.88,313.75
             187.88,313.75 187.62,316.75 183.12,319.00
             181.82,320.37 172.85,321.96 176.50,318.12
             182.38,310.75 182.00,300.38 186.50,289.38
             189.88,283.00 190.62,278.25 190.25,271.00
             182.62,271.38 187.64,264.36 184.88,254.50
             176.62,249.88 153.38,262.50 147.25,272.12
             143.44,275.31 130.30,273.36 136.12,266.00
             139.38,262.25 144.94,251.44 144.94,247.56
             138.75,247.12 135.62,245.06 135.31,242.00
             132.56,242.56 109.06,244.94 107.38,243.62
             103.00,247.12 83.44,254.94 80.94,254.88
             79.69,253.94 88.62,249.38 86.94,247.69
             83.62,246.19 80.94,242.94 78.56,239.25
             77.38,237.56 57.56,247.12 51.69,246.56
             48.06,247.62 45.06,243.53 51.56,241.62
             60.19,240.56 82.19,229.06 91.19,228.19
             108.79,229.31 121.82,225.73 129.64,223.00
             139.82,220.27 163.36,215.73 167.55,205.27
             169.73,192.73 167.55,188.18 157.64,186.73
             150.55,186.73 129.64,174.18 110.73,178.73
             103.18,180.82 95.91,166.91 106.09,162.36
             107.07,162.18 108.09,161.27 107.09,160.27
             104.91,159.40 97.31,152.67 97.27,152.00
             95.77,151.15 96.36,146.58 100.00,148.64
             102.62,149.69 114.88,155.69 119.00,156.00
             126.25,157.50 147.38,160.44 166.25,158.06
             177.31,152.25 186.38,138.06 194.56,137.50
             203.62,135.94 209.62,132.38 206.94,128.06
             201.56,123.31 197.25,113.12 196.81,108.88
             196.50,104.81 197.02,92.57 197.56,92.56
             198.56,90.38 202.44,89.38 203.31,92.81
             203.20,92.48 203.73,104.41 204.94,107.81
             207.31,110.12 215.94,115.31 216.38,118.69
             220.25,123.75 225.88,119.12 227.44,116.06
             229.50,113.88 232.81,113.69 233.25,110.06
             234.04,104.87 235.74,101.04 237.18,95.45
             237.90,92.60 242.43,91.87 242.88,94.36
             243.83,97.22 244.43,101.04 243.15,102.82
             240.96,105.83 240.31,109.20 240.36,111.00
             240.30,114.22 240.91,116.00 243.55,115.73
             245.65,115.96 247.04,115.43 248.09,113.55 Z" />
</svg>
